heap <-c(1,1,1,1,1,1,1,1,1,1,1,1,1,1,1,1,1,1,1,1,1,1,1,1,1,1,1,1,1,1,1,1,1,1,1,1,1,1,1,1,1,1,1,1,1,1,1,1,1,1,1,1,1,1,1,1,1,1,1,1,1,1,1,1,1,1,1,1,1,1,1,1,1,1,1,1,1,1,1,1,1,1,1,1,1,1,1,1,1,1,1,1,1,1,1,1,1,1,1,1,1,1,1,1,1,1,1,1,1,1,1,1,1,1,1,1,1,1,1,1,1,1,1,1,1,1,1,1,1,1,1,1,1,1,1,1,1,1,1,1,1,1,1,1,1,1,1,1,1,1,1,1,1,1,1,1,1,1,1,1,1,1,1,1,1,1,1,1,1,1,1,1,1,1,1,1,1,1,1,1,1,1,1,1,1,1,1,1,1,1,1,1,1,1,1,1,1,1,1,1,1,1,1,1,1,1,1,1,1,1,1,1,1,1,1,1,1,1,1,1,1,1,1,1,1,1,1,1,1,1,1,1,1,1,1,1,1,1,1,1,1,1,1,1,1,1,1,1,1,1,1,1,1,1,1,1,1,1,1,1,1,1,1,1,1,1,1,1,1,1,1,1,1,1,1,1,1,1,1,1,1,1,1,1,1,1,1,1,1,1,1,1,1,1,1,1,1,1,1,1,1,1,1,1,1,1,1,1,1,1,1,1,1,1,1,1,1,1,1,1,1,1,1,1,1,1,1,1,1,1,1,1,1,1,1,1,1,1,1,1,1,1,1,1,1,1,1,1,1,1,1,1,1,1,1,1,1,1,1,1,1,1,1,1,1,1,1,1,1,1,1,1,1,1,2,2,2,2,2,2,2,2,2,2,2,2,2,2,2,2,2,2,2,2,2,2,2,2,2,2,2,2,2,2,2,2,2,2,2,2,2,2,2,2,2,2,2,2,2,2,2,2,2,2,2,2,2,2,2,2,2,2,2,2,2,2,2,2,2,2,2,2,2,2,2,2,2,2,2,2,2,2,2,2,2,2,2,2,2,2,2,2,2,2,2,2,2,2,2,2,2,2,2,2,2,2,2,2,2,2,2,2,2,2,2,2,2,2,2,2,2,2,2,2,2,2,2,2,2,2,2,2,2,2,2,2,2,2,2,2,2,2,2,2,2,2,2,2,2,2,2,2,2,2,2,2,2,2,2,2,2,2,2,2,2,2,2,2,2,2,2,2,2,2,2,2,2,2,2,2,2,2,2,2,2,2,2,2,2,2,2,2,2,2,2,2,2,2,2,2,2,2,2,2,2,2,2,2,2,2,2,2,2,2,2,2,2,2,2,2,2,2,2,2,2,2,2,2,2,2,2,2,2,2,2,2,2,2,2,2,2,2,2,2,2,2,2,2,2,2,2,2,2,2,2,2,2,2,2,2,2,2,2,2,2,2,2,2,2,2,2,2,2,2,2,2,2,2,2,2,2,2,2,2,2,2,2,2,2,2,2,2,2,2,3,3,3,3,3,3,3,3,3,3,3,3,3,3,3,3,3,3,3,3,3,3,3,3,3,3,3,3,3,3,3,3,3,3,3,3,3,3,3,3,3,3,3,3,3,3,3,3,3,3,3,3,3,3,3,3,3,3,3,3,3,3,3,3,3,3,3,3,3,3,3,3,3,3,3,3,3,3,3,3,3,3,3,3,3,3,3,3,3,3,3,3,3,3,3,3,3,3,3,3,3,3,3,3,3,3,3,3,3,3,3,3,3,3,3,3,3,3,3,3,3,3,3,3,3,3,3,3,3,3,3,3,3,3,3,3,3,3,3,3,3,3,3,3,3,3,3,3,3,3,3,3,3,3,3,3,3,3,3,3,3,3,3,3,3,3,3,3,3,3,3,3,3,3,3,3,3,3,3,3,3,3,3,4,4,4,4,4,4,4,4,4,4,4,4,4,4,4,4,4,4,4,4,4,4,4,4,4,4,4,4,4,4,4,4,4,4,4,4,4,4,4,4,4,4,4,4,4,4,4,4,4,4,4,4,4,4,4,4,4,4,4,4,4,4,4,4,4,4,4,4,4,4,4,5,5,5,5,5,5,5,5,5,5,5,5,5,5,5,5,5,5,5,5,5,5,5,5,5,5,5,5,5,5,5,5,5,5,5,5,5,5,5,5,5,5,5,5,6,6,6,6,6,6,6,6,6,6,6,6,6,6,6,6,6,6,6,6,6,6,6,6,6,7,7,7,7,7,7,7,7,7,8,8,8,9)
noheap <-c(1,1,1,1,1,1,1,1,2,2,2,2,2,3,3,3,3,3,3,3,3,3,3,4,4,4,5,5,5,5,5,5,6,6,6,6,6,6,6,6,6,7,7,8,8,8,8,8,8,8,9,9,9,9,9,9,10,10,10,10,11,12,12,12,12,12,14,14,14,15,15,16,16,16,16,17,17,17,18,19,19,19,19,20,20,20,21,22,22,22,22,22,22,22,22,22,22,22,23,23,24,24,24,24,24,24,24,24,25,25,25,26,26,27,27,27,27,28,28,28,28,29,29,29,29,30,30,30,31,31,31,31,32,32,32,32,32,32,33,33,33,33,34,35,35,35,35,36,36,36,37,38,38,38,38,38,38,39,39,39,39,39,39,40,40,41,42,42,42,42,43,43,43,43,44,45,45,45,46,46,46,46,46,46,47,47,47,47,47,47,47,48,49,49,50,50,50,50,51,51,51,52,52,52,52,53,53,53,53,53,54,54,54,55,55,55,55,56,56,56,56,58,58,61,61,61,63,64,64,65,65,65,65,66,67,67,67,68,70,70,70,70,71,71,71,71,71,71,71,72,72,72,72,73,73,73,73,74,74,74,74,75,75,75,75,76,76,76,77,77,78,78,78,78,78,78,79,79,79,79,80,80,80,80,80,81,81,81,81,81,81,82,83,83,84,85,85,85,86,86,86,86,87,87,87,88,88,88,88,88,88,89,89,89,89,89,90,90,91,91,91,93,94,94,94,95,95,96,96,97,97,98,98,98,98,98,99,100,100,100,101,101,102,102,103,103,103,103,103,103,104,104,104,105,106,106,106,107,107,108,108,109,109,109,110,110,110,111,111,111,112,113,113,113,113,114,114,114,114,115,115,116,117,117,118,118,118,119,120,120,121,121,121,121,122,122,122,123,124,124,125,126,126,127,128,129,129,130,130,131,132,132,133,134,134,134,135,135,136,136,137,138,138,139,139,139,140,140,141,141,141,142,142,142,143,143,143,144,144,145,145,147,147,148,149,150,150,151,151,152,153,154,155,155,155,155,156,157,158,158,159,161,161,161,162,164,164,164,165,165,165,166,166,166,167,168,168,169,170,172,173,174,175,176,176,177,177,178,179,179,179,180,180,181,181,181,183,183,184,184,184,184,184,184,185,185,186,187,187,188,189,189,192,193,193,193,193,194,194,195,195,196,196,197,198,198,198,198,199,199,199,200,200,201,201,202,203,204,205,206,206,207,207,207,208,208,209,209,209,211,212,213,214,215,216,218,219,219,219,220,222,223,223,224,224,224,225,227,229,231,231,231,232,235,235,235,236,237,238,238,238,239,239,239,240,241,241,242,242,243,244,245,246,247,248,249,249,250,250,250,250,251,251,251,251,251,253,253,254,255,256,257,259,260,260,262,263,264,265,265,266,266,266,268,268,269,269,269,270,270,273,273,273,274,275,276,277,277,278,278,280,282,282,284,284,284,285,286,286,286,287,287,288,291,293,293,293,294,295,296,297,297,297,298,299,300,300,301,302,303,303,304,305,305,305,307,307,308,309,310,311,312,312,312,312,313,314,314,315,315,316,317,317,318,318,320,320,321,322,324,325,325,328,328,331,331,331,332,334,336,337,341,341,342,342,343,344,344,345,347,349,350,351,353,353,353,353,355,357,360,361,361,362,362,363,364,366,367,367,368,368,369,369,369,372,374,374,375,375,376,376,378,379,382,382,382,385,386,387,388,388,390,391,394,394,394,395,397,398,398,400,400,401,402,404,404,406,409,409,409,413,414,415,416,418,419,420,420,421,421,421,423,428,432,433,434,435,435,436,437,440,440,442,447,447,447,448,449,449,449,450,451,453,455,457,458,458,459,461,465,470,472,473,474,476,477,478,482,483,490,492,492,493,494,496,497,501,501,503,505,507,509,511,511,512,512,518,518,519,520,522,523,523,523,523,524,524,527,530,530,531,532,532,536,536,537,538,544,545,546,546,548,548,548,550,551,554,555,557,561,563,569,570,571,571,573,585,586,587,592,592,592,593,593,594,595,598,598,601,602,603,607,609,609,614,616,618,620,623,625,626,633,634,634,635,636,637,639,648,648,651,655,656,657,662,663,664,664,665,665,669,669,670,672,672,673,674,676,678,681,682,683,687,688,688,688,690,690,691,692,693,694,695,695,700,709,709,709,710,711,712,720,727,728,729,734,737,739,740,743,747,751,751,752,761,763,768,779,785,787,787,791,800,801,805,806,807,818,825,832,839,839,841,850,861,875,888,893,942,967)         
n <- range(0,length(noheap))
comparacoes <- range(0,noheap,heap)
plot(noheap,type = "l", col = "blue",ylim = comparacoes, ann=FALSE)
box()
lines(heap,type = 'l', col = 'red')
title(main = "Fila com Heap vs Fila sem Heap",font.main = 4)
title(ylab = "Comparações")
title(xlab = "N")
legend(1,comparacoes[2],c("NoHeap","Heap"),cex = 0.8,col = c("blue"))

